to create classroom in one go im using sqlite command-->
Block	CLASS ROOM NO.	SITTING STRENGTH 
AB1 Grd Floor	1001	52
	1002	48
	1003	54
	1004	52
	1005	113
	1006	115
AB1 FIRST FLOOR 	1101	28
	1102	32
	1103	33
	1104	28
	1105	30
	1106	31
AB1 2nd floor	1201	72
	1202	73
	1203	73
	1204	110
AB2-Grd Floor	2001	82
	2002	84
	2003	84
	2004	57
....
      2101	49
	2102	50
	2103	50
	2104	50
      3001	73
	3002	70
	3003	62
      3101	69
	3102	68
	3103	71
	3105	69
      3201	29
	3202	19
	3203	40
      4001	80
	4002	80
	4003	80
	4004	80
      4101	48
	4102	48
	4103	48
	4104	48
      5001	58
	5002	26
	5003	58
	5004	58
	5005	58
.....
      5101	60
	5102	32
	5103	60
	5104	60
	5105	60
      5201	44
	5202	26
	5203	34
	5204	34
	5205	35
      6001	70
	6002	40
	6005	70
      6101	70
	6103	70
	6104	70
	6105	70
      6201	40
	6202	40
	6203	40
	6204	40
	6205	40
      7101	70
	7102	30
	7103	70
	7104	70
	7105	70
      7201	40
	7202	40
	7203	36
	7204	30
	7205	42
      80001	30
	80002	28
	80003	29
	80004	29
	80005	30
      8101	62
	8102	20
	8103	29
      8201	71
	8202	35
	8203	32
	8204	25
	8205	28
....	
90001	141
90008	40
9001	40
9101	68
9102	72
9107	72
9108	76
9201	75
9202	77
9203	74
9204	67
9205	75
9206	74
9207	71
9208	64
10001	40
10002	40
10003	53
10004	63
10005	63
10006	53
10007	41
10008	39
10101	68
10102	68
10103	66
10104	68
10105	68
10106	76
10201	70
10202	69
10203	62
10204	71
10205	77
10206	70
11001	30
11002	32
11003	38
11004	31
11005	29
11010	130
11011	135
11012	134
11013	132
11014	157
11015	178
11102	40
11104	40
11105	32
11112	130
11113	130
11114	130
11115	80
11116	83
11117	84
11118	85
11202	30
11213	131
11214	130
11215	130
101	30
102	30
103	30
201	35
202	30
     

Querry-->SELECT * FROM "users_room";
INSERT INTO "users_room" ("roomno", "capacity") VALUES (1003,54),(1004,52)...........so on;

Note:don't push more than 100+ values at a time..

